211251 78
213277 70.67
211188 73.33
211185 78
211147 68.67
211059 82
211234 86
211239 73.33
213123 84
211021 80
201034 64
213171 82
211073 84
211119 84
211008 84
211087 79.33
212044 74
211029 80
211109 66
211172 84.67
211205 84
211276 78
211265 66.67
211203 69.33
213189 80
213114 78
201184 67.33
212041 66
196141 43.33
211062 68.67
211024 68
211004 74
211007 78.67
213178 80
211260 77.33
213188 84
211261 84
211125 79.33
211107 84
211282 80
211136 90
211036 88
211268 74
211120 70
213280 88
211056 82
211269 80.67
211033 84
211116 84
211084 82
211240 71.33
213254 65.33
192070 84
211232 82
211014 52.67
211161 78
211202 77.33
211027 86
201186 56
211230 78
211100 78
211209 80
211097 90
211199 88
211291 52
211217 82
211196 84
211108 76.67
211067 84
216127 68.67
216048 81.33
211001 92
211103 82
212104 74.67
211068 88
211126 76.67
211088 86
211031 82
211060 78
211191 50
195122 78
213098 86
201028 76
211071 72.67
211009 82
215085 70.67
211081 69.33
201023 74.67
213008 88
216126 72
211220 79.33
211198 90
211079 80
211106 53.33
195011 48
211223 84
211168 70.67
211281 48
211274 72.67
211101 92
211005 86
211115 83.33
211236 84
211178 80.67
216044 78
191166 69.33
211086 77.33
211169 69.33
211050 62.67
211023 84
211212 64
211140 88
211284 83.33
211069 82
211130 62.67
211229 76.67
183099 80
211117 76.67
211139 62.67
211134 80
211098 84
211070 86
211162 84
211042 61.33
211032 82
211187 82.67
211076 84
211099 52.67
211041 84
211132 76
211255 86
211012 90
211193 80
211078 80
211181 83.33
211158 86
211028 83.33
211063 72
211264 84
211143 70
211047 88
211045 86
201189 66.67
211164 72
211135 72
216092 71.33
201156 62
211111 68
211035 82.67
212029 84
213220 66
213296 78
213086 76
213087 80
211048 44
211080 84
213135 90
211561 77.33
211137 82.67
213034 73.33
211238 74
211092 86
211267 82
211051 86
211022 92
213270 83.33
211046 86
213172 82
211160 61.33
213024 86
211066 85.33
211157 82
213137 72.67
213266 88
211245 73.33
211020 78
211010 72
211174 84
213004 88
216130 66.67
213027 76
211227 72
211249 51.33
211248 74.67
211247 78
211016 72
201052 78
211258 73.33
211064 85.33
216139 82.67
211055 84
213013 82
203270 48.67
211104 86
211235 76.67
202032 53.33
211206 82
211163 78
213010 90
211299 78
211151 78
201158 70.67
211165 80
213133 84
213051 82
211257 76.67
211011 88
211287 77.33
191270 72
211105 82
211006 92.67
216140 82
211026 89.33
211118 82
211127 74
211114 63.33
211286 74
213191 73.33
211154 73.33
211184 84
211131 76
211214 56
211241 80
213200 80
211211 66.67
211072 83.33
211170 70
195085 78
211075 83.33
211207 56.67
211077 80
211110 82
211090 76.67
211262 88
216009 68.67
213020 82.67
211121 82
201252 70.67
211525 76
211083 79.33
213211 80
211015 88
211102 86.67
211017 86
213167 69.33
211228 71.33
211244 82
211025 84
211180 80
213132 86
211065 82
213204 88
201015 79.33
211221 88
213011 86
195045 73.33
211213 81.33
211019 82
211570 64
211208 88
211156 74
211177 78
201162 76
203090 74
211058 84
211171 72.67
213205 68.67
211039 78
211095 78
211034 88
213159 86
211146 86
211018 78
211054 74.67
211517 80
211533 84
211511 76
211590 75.33
211541 88
211547 86
211559 34
211552 62.67
211543 66
211528 60
211521 59.33
211572 78
211524 72
211508 66.67
211519 52
211513 84
211557 78.67
211553 66
211518 67.33
211538 74.67
211593 76.67
211505 40.67
211545 74
211588 55.33
211571 77.33
211558 86
211585 88
211503 84.67
211509 80
211512 80
211539 88
211582 84
211569 76
211563 55.33
211502 84