211208
45.53
20.53
25
2
201043
8.99
8.99
0
0
211015
53.11
25.11
28
2
201035
19
16
3
1
211017
46.5
26
20.5
1
211012
44.01
21.01
23
1
211064
30.26
16.26
14
1
211090
46.83
25.83
21
1
191189
23.67
17.67
6
1
211060
39.03
16.53
22.5
2
211054
57
28
29
2
211255
51.17
26.17
25
1
211163
32
14
18
1
211260
35.17
19.17
16
2
211172
40.95
18.95
22
2
211116
51
22
29
2
211162
38.77
23.77
15
1
191207
27.53
15.53
12
2
211111
48.75
22.75
26
2
211028
42.83
24.83
18
1
211063
42.33
25.33
17
1
211086
44.96
20.96
24
1
211084
40.72
20.72
20
1
211158
46.1
26.1
20
1
211235
22.17
19.17
3
1
211198
49.1
21.1
28
2
211130
39.5
16.5
23
2
211139
37.05
20.05
17
1
211042
35.35
20.35
15
1
211033
54.92
25.92
29
2
211136
55.92
25.92
30
2
201217
11.83
11.83
0
0
211251
39.5
24.5
15
1
201118
38.62
15.62
23
2
211140
52.58
25.58
27
2
211203
40.83
26.83
14
1
161231
33.87
20.87
13
2
211132
11.67
11.67
0
0
181123
11.9
11.9
0
0
211181
29.42
15.42
14
1
211021
55.43
25.43
30
2
201204
24.58
17.08
7.5
1
191176
25.13
23.13
2
1
211100
41.75
22.75
19
2
211067
50
25
25
2
211041
33.17
22.17
11
1
211114
41.83
26.33
15.5
2
201029
38.36
25.36
13
1
211202
39.83
25.83
14
1
211108
32.89
18.89
14
1
211287
10.83
10.83
0
0
191116
26.17
17.17
9
1
211098
48.77
21.77
27
2
211184
54.25
26.25
28
2
211154
46.98
25.98
21
1
211105
54
24.5
29.5
2
211284
42.27
24.27
18
1
211126
28.47
16.47
12
1
201028
41.33
20.33
21
2
211069
44.67
21.17
23.5
2
211109
9.3
9.3
0
0
211229
41.67
18.67
23
2
191040
28.58
20.58
8
1
191032
25
17
8
1
211123
38
22
16
1
211026
49.8
23.8
26
2
211009
46.47
25.47
21
1
211165
43.37
23.37
20
1
211232
47.37
22.37
25
2
211050
24.24
24.24
0
0
211029
50.33
25.33
25
2
201133
13.1
13.1
0
0
201214
13.73
13.73
0
0
211004
27.86
16.86
11
2
211062
38.12
20.12
18
2
211207
38.67
19.67
19
2
211217
50.4
23.9
26.5
2
211209
41.67
20.17
21.5
1
211107
42
20
22
1
211032
42.33
22.33
20
1
201188
14.98
14.98
0
0
211076
53.5
25
28.5
2
211187
36.42
19.42
17
2
212029
41
24
17
1
211171
39.13
14.13
25
2
211118
37.67
24.67
13
1
211220
33.03
16.03
17
1
211022
55.67
25.67
30
2
211193
52.83
23.83
29
2
211170
28.02
14.02
14
2
211103
54.25
25.25
29
2
201034
13.09
13.09
0
0
201023
9.5
9.5
0
0
191166
43.93
21.93
22
2
211199
29.31
24.81
4.5
2
191120
25.67
15.67
10
1
211164
12.7
12.7
0
0
211027
46.48
26.48
20
1
211001
40.33
24.33
16
1
211079
54.42
27.42
27
1
211097
57.67
27.67
30
2
211019
49.65
26.65
23
2
211088
38.1
20.1
18
1
211068
34.69
17.69
17
1
211106
20.37
17.37
3
2
201134
12
12
0
0
201184
13.68
13.68
0
0
211018
50.03
22.03
28
2
211281
24.35
15.35
9
2
211177
46.48
18.48
28
2
211188
30.92
21.42
9.5
1
205006
32.63
19.63
13
1
211258
8.67
8.67
0
0
181127
16
16
0
1
211119
29.3
14.3
15
1
211083
11
11
0
0
211092
37.83
24.83
13
1
211137
51.33
21.33
30
2
191211
9.67
9.67
0
0
195045
13.52
13.52
0
0
201179
6.42
6.42
0
0
211093
37.52
20.02
17.5
1
211214
28.31
15.81
12.5
1
211039
47.5
19
28.5
2
191288
10.37
10.37
0
0
211065
30
16
14
1
216140
58.38
28.38
30
2
211070
35.17
18.17
17
1
211146
36.83
21.83
15
1
211174
46.98
22.98
24
1
211095
34.05
18.05
16
1
211066
48.33
23.33
25
2
211175
48.5
20.5
28
2
216009
36.07
18.07
18
2
211221
35.92
20.92
15
2
211180
40.42
22.42
18
1
211234
41.32
21.32
20
1
211087
51.57
22.57
29
2
211147
40.76
18.76
22
2
211031
30.21
22.21
8
1
211268
12.4
12.4
0
0
211115
41.33
19.33
22
1
211240
27.05
23.05
4
1
211125
28.76
28.76
0
0
211157
45.1
24.1
21
2
211161
46.27
20.27
26
1
191096
43.58
25.08
18.5
1
211241
42.17
21.67
20.5
2
211006
46.96
24.96
22
1
183099
34.81
16.81
18
1
211265
33.1
19.1
14
1
211205
43.93
20.43
23.5
2
181239
13.13
13.13
0
0
213085
42.38
17.38
25
2
213084
53.1
24.1
29
2
213057
39
24
15
1
211007
49
25
24
1
211134
39.9
20.4
19.5
1
201146
34
18
16
2
211282
24.53
18.03
6.5
1
211075
44
19
25
2
201047
23.27
23.27
0
0
211020
36.03
18.53
17.5
2
211236
52.67
24.67
28
2
211056
33.03
17.03
16
2
211227
27.13
17.13
10
2
211072
39.02
17.02
22
2
211023
17.25
14.25
3
1
211046
48.05
25.05
23
1
212044
36.44
21.44
15
1
211178
36.81
24.81
12
1
211008
38.31
21.81
16.5
1
203090
32.86
19.86
13
2
211262
22.5
22.5
0
0
211080
51.18
21.18
30
2
211169
45.83
16.83
29
2
211011
51.05
21.55
29.5
2
211110
45.5
23.5
22
1
211267
22.4
15.4
7
1
211230
28
17.5
10.5
1
211213
38.87
17.87
21
1
211228
11
11
0
0
211058
42.42
22.42
20
2
211073
45.39
22.39
23
2
193177
49.43
25.43
24
2
211244
42.33
19.33
23
1
196119
11.67
11.67
0
0
211269
38.33
23.33
15
1
211143
23.66
18.66
5
2
211025
47.53
27.53
20
1
211156
10.67
10.67
0
0
211117
12.42
12.42
0
0
211055
35.67
20.67
15
1
211525
17.42
15.42
2
1
211129
8.08
8.08
0
0
211261
50.24
22.24
28
2
211104
41.97
19.97
22
1
211047
50.85
23.85
27
1
213010
49.27
27.27
22
1
211016
47
26.5
20.5
1
211127
58.33
28.33
30
2
213008
57.33
27.83
29.5
2
211206
36.47
21.47
15
1
211131
38.53
16.53
22
2
211135
32.33
14.33
18
1
211120
23.67
19.17
4.5
2
211081
18.67
14.67
4
1
211151
48.92
24.92
24
1
216137
38.37
25.37
13
1
211247
13.52
13.52
0
0
211051
50.13
25.13
25
2
211257
31.38
16.38
15
1
215045
18.83
14.33
4.5
1
211099
45.78
27.28
18.5
2
211045
49.92
21.92
28
2
211035
45.2
22.2
23
1
201158
6.68
6.68
0
0
211223
54.6
25.6
29
2
211299
26.48
20.48
6
1
211264
33.17
19.67
13.5
1
211245
35.61
16.61
19
2
211085
49
26
23
2
211168
47.92
20.42
27.5
2
196030
13.2
13.2
0
0
216053
47
24
23
2
211121
48.5
21
27.5
2
211211
46.36
19.36
27
2
191114
11.14
11.14
0
0
211059
36.33
20.33
16
1
211048
46.33
20.33
26
2
201114
16
16
0
0
205008
37.7
20.2
17.5
2
211248
32.47
15.97
16.5
2
191095
22.27
18.27
4
1
211239
31.48
16.48
15
2
195086
43.75
22.75
21
2
211010
36.67
19.67
17
1
211149
50.22
22.22
28
2
201189
9.37
9.37
0
0
191237
34.48
20.48
14
1
201182
55.1
25.1
30
2
211005
40.48
23.48
17
1
211101
41.87
21.87
20
1
211077
45.43
20.43
25
2
211036
22.28
22.28
0
1
191147
50.21
25.71
24.5
2
186085
43.83
19.83
24
2
201156
31.83
16.83
15
2
211286
39.12
19.12
20
2
191048
8.77
8.77
0
0
211183
49.26
19.76
29.5
2
201235
21.67
16.67
5
2
211185
37.5
15.5
22
1